int NATM= 18;
float K_Atoms[18][18]={
{0.00,8.95,18.39,3.42,6.84,5.55,4.98,17.15,11.21,230.25,0.00,8.42,6.13,24.90,39.38,19.26,38.66,21.41},
{8.95,58.68,16.46,37.09,20.05,14.02,17.40,21.94,17.62,63.78,24.98,30.53,35.14,21.11,11.43,15.35,45.82,14.01},
{18.39,16.46,7.92,19.48,10.68,12.69,8.74,14.24,9.76,89.82,0.00,13.98,13.55,28.50,17.59,9.24,13.29,14.80},
{3.42,37.09,19.48,19.76,13.77,10.07,17.20,15.17,10.84,93.77,16.56,49.78,9.56,40.38,12.34,20.71,8.35,22.33},
{6.84,20.05,10.68,13.77,12.63,15.58,17.00,14.76,15.49,27.27,19.67,20.92,15.89,27.23,10.23,16.76,19.58,19.26},
{5.55,14.02,12.69,10.07,15.58,14.62,10.67,12.94,10.31,8.20,9.70,14.11,11.88,48.27,14.45,9.78,12.33,24.73},
{4.98,17.40,8.74,17.20,17.00,10.67,10.02,13.35,7.06,13.54,6.21,13.72,12.26,21.75,10.77,11.78,16.09,12.82},
{17.15,21.94,14.24,15.17,14.76,12.94,13.35,13.24,12.45,38.17,7.89,17.20,7.58,38.42,6.70,15.79,3.86,33.26},
{11.21,17.62,9.76,10.84,15.49,10.31,7.06,12.45,8.78,14.39,6.36,18.64,6.64,16.10,9.84,8.31,5.22,10.01},
{230.25,63.78,89.82,93.77,27.27,8.20,13.54,38.17,14.39,230.25,0.00,56.53,40.66,89.83,5.53,25.39,18.20,44.33},
{0.00,24.98,0.00,16.56,19.67,9.70,6.21,7.89,6.36,0.00,0.00,53.42,9.23,0.00,53.61,29.07,11.72,16.00},
{8.42,30.53,13.98,49.78,20.92,14.11,13.72,17.20,18.64,56.53,53.42,3.47,13.67,64.40,36.05,35.22,40.95,34.29},
{6.13,35.14,13.55,9.56,15.89,11.88,12.26,7.58,6.64,40.66,9.23,13.67,14.34,61.63,43.53,32.50,44.21,3.63},
{24.90,21.11,28.50,40.38,27.23,48.27,21.75,38.42,16.10,89.83,0.00,64.40,61.63,29.34,42.67,30.09,69.23,60.51},
{39.38,11.43,17.59,12.34,10.23,14.45,10.77,6.70,9.84,5.53,53.61,36.05,43.53,42.67,3.67,49.26,22.01,19.51},
{19.26,15.35,9.24,20.71,16.76,9.78,11.78,15.79,8.31,25.39,29.07,35.22,32.50,30.09,49.26,48.94,19.78,13.96},
{38.66,45.82,13.29,8.35,19.58,12.33,16.09,3.86,5.22,18.20,11.72,40.95,44.21,69.23,22.01,19.78,20.62,40.38},
{21.41,14.01,14.80,22.33,19.26,24.73,12.82,33.26,10.01,44.33,16.00,34.29,3.63,60.51,19.51,13.96,40.38,304.58}
};
