float K_Residues[20][20]={
{43.36,37.70,27.55,28.93,23.71,60.72,30.19,30.68,31.89,64.29,25.53,22.26,38.52,66.74,40.40,9.50,5.18,20.34,13.15,25.77},
{37.70,36.56,27.43,24.47,47.45,32.14,35.84,19.66,20.12,64.01,39.42,20.39,6.61,55.53,32.88,10.79,41.27,40.28,51.62,23.04},
{27.55,27.43,33.96,50.56,47.86,50.28,24.19,31.91,27.83,63.25,42.68,38.38,6.53,57.52,25.72,63.81,23.86,69.09,66.87,25.67},
{28.93,24.47,50.56,51.42,47.14,54.24,35.60,29.33,45.62,59.75,42.42,26.72,9.07,54.44,57.95,12.53,52.01,57.52,63.64,26.43},
{23.71,47.45,47.86,47.14,56.12,54.40,41.76,33.23,32.98,60.33,42.35,33.17,7.58,61.34,53.93,58.08,30.05,25.33,77.01,37.64},
{60.72,32.14,50.28,54.24,54.40,7.37,50.57,30.18,23.15,6.60,50.27,36.05,14.44,9.92,5.75,9.26,10.24,8.78,9.34,43.87},
{30.19,35.84,24.19,35.60,41.76,50.57,48.81,42.26,43.40,56.49,39.11,26.46,5.01,56.29,49.10,4.21,9.38,43.97,12.89,35.29},
{30.68,19.66,31.91,29.33,33.23,30.18,42.26,23.06,33.42,50.85,18.85,39.72,36.89,44.80,34.07,44.71,32.43,57.55,23.01,40.24},
{31.89,20.12,27.83,45.62,32.98,23.15,43.40,33.42,22.53,46.09,44.76,26.10,16.37,31.73,42.02,5.03,21.47,51.39,45.99,41.43},
{64.29,64.01,63.25,59.75,60.33,6.60,56.49,50.85,46.09,70.06,50.28,45.43,12.87,14.25,10.18,7.85,10.91,10.73,8.95,41.35},
{25.53,39.42,42.68,42.42,42.35,50.27,39.11,18.85,44.76,50.28,24.60,38.23,31.03,49.43,49.23,58.19,41.65,52.67,15.96,17.41},
{22.26,20.39,38.38,26.72,33.17,36.05,26.46,39.72,26.10,45.43,38.23,25.96,9.46,31.12,7.82,11.83,26.39,38.94,36.59,25.65},
{38.52,6.61,6.53,9.07,7.58,14.44,5.01,36.89,16.37,12.87,31.03,9.46,11.59,6.03,8.79,9.55,11.45,11.74,15.63,11.01},
{66.74,55.53,57.52,54.44,61.34,9.92,56.29,44.80,31.73,14.25,49.43,31.12,6.03,8.64,5.54,11.82,11.72,14.18,7.67,45.78},
{40.40,32.88,25.72,57.95,53.93,5.75,49.10,34.07,42.02,10.18,49.23,7.82,8.79,5.54,10.15,8.12,4.37,8.10,14.15,8.99},
{9.50,10.79,63.81,12.53,58.08,9.26,4.21,44.71,5.03,7.85,58.19,11.83,9.55,11.82,8.12,13.30,10.24,22.42,9.99,13.49},
{5.18,41.27,23.86,52.01,30.05,10.24,9.38,32.43,21.47,10.91,41.65,26.39,11.45,11.72,4.37,10.24,6.73,49.39,9.34,22.48},
{20.34,40.28,69.09,57.52,25.33,8.78,43.97,57.55,51.39,10.73,52.67,38.94,11.74,14.18,8.10,22.42,49.39,304.58,10.56,22.87},
{13.15,51.62,66.87,63.64,77.01,9.34,12.89,23.01,45.99,8.95,15.96,36.59,15.63,7.67,14.15,9.99,9.34,10.56,10.59,13.11},
{25.77,23.04,25.67,26.43,37.64,43.87,35.29,40.24,41.43,41.35,17.41,25.65,11.01,45.78,8.99,13.49,22.48,22.87,13.11,47.65}
};
