float U_Residues[20][20]={
{-1.06,0.74,0.54,0.82,0.66,-0.04,0.71,0.66,0.63,0.03,0.37,0.48,0.67,-0.07,0.02,-0.11,-0.01,0.06,-0.10,0.42},
{0.74,-0.61,0.42,0.95,0.54,0.48,0.89,0.01,0.62,0.50,-0.24,0.52,0.73,0.46,0.40,0.36,0.04,0.52,0.07,0.18},
{0.54,0.42,-1.13,0.48,0.31,0.22,0.64,0.39,0.42,0.27,0.12,0.30,0.42,0.21,0.16,0.06,-0.05,0.16,-0.17,0.22},
{0.82,0.95,0.48,-0.44,0.51,0.68,0.85,0.14,0.63,0.69,-0.14,0.62,0.82,0.66,0.55,0.48,0.15,0.52,0.20,0.15},
{0.66,0.54,0.31,0.51,-1.06,0.47,0.63,0.49,0.51,0.47,0.21,0.40,0.57,0.42,0.27,0.23,0.10,0.18,0.01,0.29},
{-0.04,0.48,0.22,0.68,0.47,-2.15,0.50,0.37,0.37,-0.58,0.04,0.09,0.31,-0.74,-0.54,-0.76,-0.51,-0.41,-0.67,0.07},
{0.71,0.89,0.64,0.85,0.63,0.50,-0.62,0.77,0.71,0.50,0.42,0.66,0.79,0.44,0.33,0.25,0.19,0.16,0.15,0.45},
{0.66,0.01,0.39,0.14,0.49,0.37,0.77,-0.70,0.55,0.37,0.47,0.45,0.70,0.33,0.38,0.23,-0.01,0.29,0.04,0.49},
{0.63,0.62,0.42,0.63,0.51,0.37,0.71,0.55,-0.83,0.37,0.27,0.48,0.69,0.34,0.28,0.16,0.12,0.18,0.01,0.23},
{0.03,0.50,0.27,0.69,0.47,-0.58,0.50,0.37,0.37,-1.96,0.13,0.06,0.38,-0.65,-0.43,-0.64,-0.43,-0.39,-0.55,0.10},
{0.37,-0.24,0.12,-0.14,0.21,0.04,0.42,0.47,0.27,0.13,-1.31,0.14,0.26,0.04,0.02,-0.11,-0.28,0.02,-0.34,0.07},
{0.48,0.52,0.30,0.62,0.40,0.09,0.66,0.45,0.48,0.06,0.14,-1.13,0.56,0.02,0.07,-0.03,-0.03,0.05,-0.10,0.16},
{0.67,0.73,0.42,0.82,0.57,0.31,0.79,0.70,0.69,0.38,0.26,0.56,-0.82,0.34,0.24,0.08,-0.15,0.18,-0.23,0.35},
{-0.07,0.46,0.21,0.66,0.42,-0.74,0.44,0.33,0.34,-0.65,0.04,0.02,0.34,-2.20,-0.58,-0.77,-0.55,-0.47,-0.68,0.02},
{0.02,0.40,0.16,0.55,0.27,-0.54,0.33,0.38,0.28,-0.43,0.02,0.07,0.24,-0.58,-1.97,-0.74,-0.54,-0.43,-0.73,-0.10},
{-0.11,0.36,0.06,0.48,0.23,-0.76,0.25,0.23,0.16,-0.64,-0.11,-0.03,0.08,-0.77,-0.74,-2.36,-0.70,-0.66,-0.88,-0.19},
{-0.01,0.04,-0.05,0.15,0.10,-0.51,0.19,-0.01,0.12,-0.43,-0.28,-0.03,-0.15,-0.55,-0.54,-0.70,-1.94,-0.47,-0.72,-0.36},
{0.06,0.52,0.16,0.52,0.18,-0.41,0.16,0.29,0.18,-0.39,0.02,0.05,0.18,-0.47,-0.43,-0.66,-0.47,-3.02,-0.71,-0.20},
{-0.10,0.07,-0.17,0.20,0.01,-0.67,0.15,0.04,0.01,-0.55,-0.34,-0.10,-0.23,-0.68,-0.73,-0.88,-0.72,-0.71,-2.32,-0.40},
{0.42,0.18,0.22,0.15,0.29,0.07,0.45,0.49,0.23,0.10,0.07,0.16,0.35,0.02,-0.10,-0.19,-0.36,-0.20,-0.40,-1.69}
};
